-21 -99.0   -10.0
-20 1.09    -0.037
-19 1.32    0.011
-18 1.46    0.068
-17 1.52    0.096
-16 1.73    0.166
-15 1.81    0.194
-14 1.86    0.208
-13 2.03    0.263
-12 2.25    0.320
-11 2.26    0.327
-10 2.46    0.377
-9  2.73    0.434
-8  2.92    0.490
-7  3.01    0.518
-6  3.16    0.546
-5  3.32    0.587
-4  3.61    0.640
-3  3.77    0.670
-2  3.90    0.694
-1  4.04    0.719
0   4.33    0.782
1   4.37    0.803
2   4.65    0.823
3   4.72    0.832
4   4.79    0.841
5   4.83    0.850
6   4.97    0.869
7   5.02    0.880
8   5.15    0.900
9   5.34    0.950
10  5.53    0.980
11  5.63    1.01
12  5.89    1.10
13  6.26    1.21
14  6.55    1.32
15  6.95    1.45
16  7.58    1.71
17  8.26    1.84
18  8.87    2.09
19  9.38    2.25
20  10.05   2.49
21  11.39   2.95
22  12.56   3.36
23  13.48   3.95
24  14.83   4.75
27  20.00   10.00